# Statistics about the min/max values of the attributes computed on the images
lv_area: [19632, 112404]
lv_base_width: [53.75872022286245, 172.8843544106869]
lv_length: [301.42494919963076, 612.8623418027902]
lv_orientation: [-7.035926925125878, 15.260000077617264]
myo_area: [23228, 64134]
epi_center_x: [183.36958708083102, 479.3726391015824]
epi_center_y: [285.85869497540625, 609.2086387810838]
